Planeparallel             
1                                     
8                                   
1                                      
1500                                  
100                                    
10                                    
10                                                                                                    
4002.0                                  
1                                                               
29.9                                     
0.1                                     
50                                     
40                                     
70                                      
1                                       
0                                      
3                                      
0.00  1500.00   1.0   0.0     
10.00  1500.00   1.0   0.0                
29.90 1500.00  1.0   0.0
V      