Planeparallel             
1                                     
8                                   
1                                      
1500                                  
100                           
10                                    
10                                                                                                    
8000.0                                  
1                                                               
30                                     
0.1                                     
50                                     
40                                     
70                                      
1                                       
0                                      
3                                      
0.00  1500.00   1.0   0.0     
10.00  1500.00   1.0   0.0                
30.00 1500.00  1.0   0.0
V      